4.011999999999999886e+02
4.051000000000000227e+02
4.083999999999999773e+02
4.118999999999999773e+02
4.156999999999999886e+02
4.198000000000000114e+02
4.240000000000000000e+02
4.285000000000000000e+02
4.323999999999999773e+02
4.363000000000000114e+02
4.400000000000000000e+02
4.448000000000000114e+02
4.491999999999999886e+02
4.538999999999999773e+02
4.581999999999999886e+02
4.623999999999999773e+02
4.666000000000000227e+02
4.713000000000000114e+02
4.758999999999999773e+02
4.810000000000000000e+02
4.853000000000000114e+02
4.898999999999999773e+02
4.943999999999999773e+02
4.983999999999999773e+02
5.028000000000000114e+02
5.073999999999999773e+02
5.120000000000000000e+02
5.170000000000000000e+02
5.212999999999999545e+02
5.257999999999999545e+02
5.297999999999999545e+02
5.342000000000000455e+02
5.382000000000000455e+02
5.427999999999999545e+02
5.467999999999999545e+02
5.512000000000000455e+02
5.552999999999999545e+02
5.597999999999999545e+02
5.638999999999999773e+02
5.682999999999999545e+02
5.720000000000000000e+02
5.756000000000000227e+02
5.792999999999999545e+02
5.828999999999999773e+02
5.876000000000000227e+02
5.917999999999999545e+02
5.960000000000000000e+02
6.003999999999999773e+02
6.046000000000000227e+02
6.092999999999999545e+02
6.137000000000000455e+02
6.180000000000000000e+02
6.222000000000000455e+02
6.267000000000000455e+02
6.308999999999999773e+02
6.350000000000000000e+02
6.392999999999999545e+02
6.436000000000000227e+02
6.478999999999999773e+02
6.526000000000000227e+02
6.567999999999999545e+02
6.613999999999999773e+02
6.657000000000000455e+02
6.701000000000000227e+02
6.743999999999999773e+02
6.785000000000000000e+02
6.827000000000000455e+02
6.868999999999999773e+02
6.907999999999999545e+02
6.947000000000000455e+02
6.986000000000000227e+02
7.026000000000000227e+02
7.062999999999999545e+02
7.102000000000000455e+02
7.142000000000000455e+02
7.181000000000000227e+02
7.222000000000000455e+02
7.258999999999999773e+02
7.297000000000000455e+02
7.333999999999999773e+02
7.370000000000000000e+02
